[30, -1, -1, -1, -1, 0]
[-1, -1, 62, -1, -1]
[-1, 1, -1, -1, -1]
[36, -1, 18, -1, -1]
[-1, -1, -1, 87, 24]

0 4
1 77
2 78
3 12
4 91
5 82
6 48
7 59
8 28
9 26
10 34
11 10
12 71
13 89
14 54
15 63
16 66
17 75
18 15
19 22
20 39
21 55
22 83
23 47
24 81
25 74
26 2
27 46
28 25
29 98
30 29
31 21
32 85
33 96
34 3
35 16
36 60
37 31
38 99
39 86
40 52
41 17
42 69
43 27
44 73
45 49
46 95
47 35
48 9
49 53
50 64
51 88
52 37
53 72
54 92
55 70
56 5
57 65
58 79
59 61
60 38
61 14
62 7
63 44
64 43
65 8
66 42
67 45
68 23
69 41
70 57
71 80
72 51
73 90
74 84
75 11
76 93
77 40
78 50
79 33
80 56
81 67
82 68
83 32
84 6
85 94
86 97
87 13
88 87
89 30
90 18
91 76
92 36
93 24
94 19
95 20
96 1
97 0
98 58
99 62
